2
10 5
4
5 10 -5 -5
4
2147483647 2147483647 2147483647 -2147483647
1
-2147483648
100
1 1 1 1 1 1 1 1 1 1 1 1 1 1 1 1 1 1 1 1 1 1 1 1 1 1 1 1 1 1 1 1 1 1 1 1 1 1 1 1 1 1 1 1 1 1 1 1 1 1 -1 -1 -1 -1 -1 -1 -1 -1 -1 -1 -1 -1 -1 -1 -1 -1 -1 -1 -1 -1 -1 -1 -1 -1 -1 1 1 1 1 1 1 1 1 1 1 1 1 -1 -1 -1 -1 -1 -1 1 1 1 -1 -1 1 1000
100
-1 -1 -1 -1 -1 -1 -1 -1 -1 -1 -1 -1 -1 -1 -1 -1 -1 -1 -1 -1 -1 -1 -1 -1 -1 -1 -1 -1 -1 -1 -1 -1 -1 -1 -1 -1 -1 -1 -1 -1 -1 -1 -1 -1 -1 -1 -1 -1 -1 -1 1 1 1 1 1 1 1 1 1 1 1 1 1 1 1 1 1 1 1 1 1 1 1 1 1 -1 -1 -1 -1 -1 -1 -1 -1 -1 -1 -1 -1 1 1 1 1 1 1 -1 -1 -1 1 1 -1 1000
100
5 5 5 5 5 5 5 5 5 5 5 5 5 5 5 5 5 5 5 5 5 5 5 5 5 5 5 5 5 5 5 5 5 5 5 5 5 5 5 5 5 5 5 5 5 5 5 5 5 5 -5 -5 -5 -5 -5 -5 -5 -5 -5 -5 -5 -5 -5 -5 -5 -5 -5 -5 -5 -5 -5 -5 -5 -5 -5 5 5 5 5 5 5 5 5 5 5 5 5 -5 -5 -5 -5 -5 -5 5 5 5 -5 -5 5 1000
100
-5 -5 -5 -5 -5 -5 -5 -5 -5 -5 -5 -5 -5 -5 -5 -5 -5 -5 -5 -5 -5 -5 -5 -5 -5 -5 -5 -5 -5 -5 -5 -5 -5 -5 -5 -5 -5 -5 -5 -5 -5 -5 -5 -5 -5 -5 -5 -5 -5 -5 5 5 5 5 5 5 5 5 5 5 5 5 5 5 5 5 5 5 5 5 5 5 5 5 5 -5 -5 -5 -5 -5 -5 -5 -5 -5 -5 -5 -5 5 5 5 5 5 5 -5 -5 -5 5 5 -5 1000
100
2147483647 2147483647 2147483647 2147483647 2147483647 2147483647 2147483647 2147483647 2147483647 2147483647 2147483647 2147483647 2147483647 2147483647 2147483647 2147483647 2147483647 2147483647 2147483647 2147483647 2147483647 2147483647 2147483647 2147483647 2147483647 2147483647 2147483647 2147483647 2147483647 2147483647 2147483647 2147483647 2147483647 2147483647 2147483647 2147483647 2147483647 2147483647 2147483647 2147483647 2147483647 2147483647 2147483647 2147483647 2147483647 2147483647 2147483647 2147483647 2147483647 2147483647 -2147483647 -2147483647 -2147483647 -2147483647 -2147483647 -2147483647 -2147483647 -2147483647 -2147483647 -2147483647 -2147483647 -2147483647 -2147483647 -2147483647 -2147483647 -2147483647 -2147483647 -2147483647 -2147483647 -2147483647 -2147483647 -2147483647 -2147483647 -2147483647 -2147483647 2147483647 2147483647 2147483647 2147483647 2147483647 2147483647 2147483647 2147483647 2147483647 2147483647 2147483647 2147483647 -2147483647 -2147483647 -2147483647 -2147483647 -2147483647 -2147483647 2147483647 2147483647 2147483647 -2147483647 -2147483647 2147483647 1000
100
-2147483647 -2147483647 -2147483647 -2147483647 -2147483647 -2147483647 -2147483647 -2147483647 -2147483647 -2147483647 -2147483647 -2147483647 -2147483647 -2147483647 -2147483647 -2147483647 -2147483647 -2147483647 -2147483647 -2147483647 -2147483647 -2147483647 -2147483647 -2147483647 -2147483647 -2147483647 -2147483647 -2147483647 -2147483647 -2147483647 -2147483647 -2147483647 -2147483647 -2147483647 -2147483647 -2147483647 -2147483647 -2147483647 -2147483647 -2147483647 -2147483647 -2147483647 -2147483647 -2147483647 -2147483647 -2147483647 -2147483647 -2147483647 -2147483647 -2147483647 2147483647 2147483647 2147483647 2147483647 2147483647 2147483647 2147483647 2147483647 2147483647 2147483647 2147483647 2147483647 2147483647 2147483647 2147483647 2147483647 2147483647 2147483647 2147483647 2147483647 2147483647 2147483647 2147483647 2147483647 2147483647 -2147483647 -2147483647 -2147483647 -2147483647 -2147483647 -2147483647 -2147483647 -2147483647 -2147483647 -2147483647 -2147483647 -2147483647 2147483647 2147483647 2147483647 2147483647 2147483647 2147483647 -2147483647 -2147483647 -2147483647 2147483647 2147483647 -2147483647 1000
0
